Building monthly key,Building key,Month key,Total leasable area,Occupancy,Vacancy,Expires,Actual rental collection,Monthly rental,Service charge,Occupancy rate,Vacancy rate,Expires rate,Actual rental rate,Revenue,Actual amount,GAP amount,Exchange rate,Tenancies,Operating cost
ech01_202308,ech01,202308,29245,28615.13,629.87,13913,28583,17.05927397,5,0.978462301,0.021537699,0.475739443,0.977363652,11910941552.48,11897567559.35,13373993.13,24400.00,43,594878377.97
ech02_202308,ech02,202308,26622,26031.5,590.5,23587,25289,15.67748824,5,0.977819097,0.022180903,0.885996544,0.94992863,9957848254.37,9673819200.00,284029054.37,24400.00,106,483690960.00
ech03_202308,ech03,202308,11414,10654.19,759.81,1444,10499,16.352986,5.004819066,0.93343175,0.06656825,0.126511302,0.91983529,4251158805.49,4189236000.00,61922805.49,24400.00,29,209461800.00
ech04_202308,ech04,202308,1030,1030,0,903,1030,14.5,5,1,0,0.876699029,1,364414000.00,364414000.00,0.00,24400.00,5,18220700.00
ech05_202308,ech05,202308,14770,14643.4,126.6,10866,14334,17.54409097,5.003727086,0.991428571,0.008571429,0.735680433,0.970480704,6268485458.62,6136038800.00,132446658.62,24400.00,46,306801940.00
ech01_202309,ech01,202309,29245,28578.23,666.77,11960,28283,17.0979581,5,0.977200547,0.022799453,0.408958796,0.967105488,11922556851.24,11799389795.09,123167056.15,24400.00,138,589969489.75
ech02_202309,ech02,202309,26622,25949,673,3490,25289,15.67748824,5,0.974720156,0.025279844,0.131094583,0.94992863,9926289470.55,9673819200.00,252470270.55,24400.00,28,483690960.00
ech03_202309,ech03,202309,11414,10629.05,784.95,1124,10499,16.352986,5.004819066,0.931229192,0.068770808,0.098475556,0.91983529,4241127622.23,4189236000.00,51891622.23,24400.00,52,209461800.00
ech04_202309,ech04,202309,1030,1030,0,129,1030,14.5,5,1,0,0.125242718,1,364414000.00,364414000.00,0.00,24400.00,3,18220700.00
ech05_202309,ech05,202309,14770,14609.26,160.74,2760,14334,17.54409097,5.003727086,0.989117129,0.010882871,0.186865267,0.970480704,6253870950.14,6136038800.00,117832150.14,24400.00,71,306801940.00
ech01_202306,ech01,202306,29245,28615.13,629.87,22033,28583,17.05927397,5,0.978462301,0.021537699,0.753393743,0.977363652,11910941552.48,11897567559.35,13373993.13,24400.00,51,594878377.97
ech02_202306,ech02,202306,26622,26031.5,590.5,17361,25289,15.67748824,5,0.977819097,0.022180903,0.652129817,0.94992863,9957848254.37,9673819200.00,284029054.37,24400.00,42,483690960.00
ech03_202306,ech03,202306,11414,10654.19,759.81,315,10499,16.352986,5.004819066,0.93343175,0.06656825,0.027597687,0.91983529,4251158805.49,4189236000.00,61922805.49,24400.00,18,209461800.00
ech04_202306,ech04,202306,1030,1030,0,2,1030,14.5,5,1,0,0.001941748,1,364414000.00,364414000.00,0.00,24400.00,3,18220700.00
ech05_202306,ech05,202306,14770,14643.4,126.6,5744,14334,17.54409097,5.003727086,0.991428571,0.008571429,0.388896412,0.970480704,6268485458.62,6136038800.00,132446658.62,24400.00,21,306801940.00
ech01_202307,ech01,202307,29245,28578.23,666.77,2954,28283,17.0979581,5,0.977200547,0.022799453,0.101008719,0.967105488,11922556851.24,11799389795.09,123167056.15,24400.00,93,589969489.75
ech02_202307,ech02,202307,26622,25949,673,11820,25289,15.67748824,5,0.974720156,0.025279844,0.443993689,0.94992863,9926289470.55,9673819200.00,252470270.55,24400.00,56,483690960.00
ech03_202307,ech03,202307,11414,10629.05,784.95,3204,10499,16.352986,5.004819066,0.931229192,0.068770808,0.280707903,0.91983529,4241127622.23,4189236000.00,51891622.23,24400.00,45,209461800.00
ech04_202307,ech04,202307,1030,1030,0,87,1030,14.5,5,1,0,0.084466019,1,364414000.00,364414000.00,0.00,24400.00,2,18220700.00
ech05_202307,ech05,202307,14770,14609.26,160.74,7302,14334,17.54409097,5.003727086,0.989117129,0.010882871,0.494380501,0.970480704,6253870950.14,6136038800.00,117832150.14,24400.00,60,306801940.00
ech01_202208,ech01,202208,29245,28615.13,629.87,7018,28583,17.05927397,5,0.978462301,0.021537699,0.239972645,0.977363652,11910941552.48,11897567559.35,13373993.13,24400.00,106,594878377.97
ech02_202208,ech02,202208,26622,26031.5,590.5,22671,25289,15.67748824,5,0.977819097,0.022180903,0.851588911,0.94992863,9957848254.37,9673819200.00,284029054.37,24400.00,49,483690960.00
ech03_202208,ech03,202208,11414,10654.19,759.81,7415,10499,16.352986,5.004819066,0.93343175,0.06656825,0.649640792,0.91983529,4251158805.49,4189236000.00,61922805.49,24400.00,31,209461800.00
ech04_202208,ech04,202208,1030,1030,0,710,1030,14.5,5,1,0,0.689320388,1,364414000.00,364414000.00,0.00,24400.00,5,18220700.00
ech05_202208,ech05,202208,14770,14643.4,126.6,11990,14334,17.54409097,5.003727086,0.991428571,0.008571429,0.811780636,0.970480704,6268485458.62,6136038800.00,132446658.62,24400.00,66,306801940.00
ech01_202209,ech01,202209,29245,28578.23,666.77,11799,28283,17.0979581,5,0.977200547,0.022799453,0.403453582,0.967105488,11922556851.24,11799389795.09,123167056.15,24400.00,138,589969489.75
ech02_202209,ech02,202209,26622,25949,673,18154,25289,15.67748824,5,0.974720156,0.025279844,0.681917211,0.94992863,9926289470.55,9673819200.00,252470270.55,24400.00,89,483690960.00
ech03_202209,ech03,202209,11414,10629.05,784.95,4636,10499,16.352986,5.004819066,0.931229192,0.068770808,0.406167864,0.91983529,4241127622.23,4189236000.00,51891622.23,24400.00,31,209461800.00
ech04_202209,ech04,202209,1030,1030,0,391,1030,14.5,5,1,0,0.37961165,1,364414000.00,364414000.00,0.00,24400.00,4,18220700.00
ech05_202209,ech05,202209,14770,14609.26,160.74,13049,14334,17.54409097,5.003727086,0.989117129,0.010882871,0.883480027,0.970480704,6253870950.14,6136038800.00,117832150.14,24400.00,62,306801940.00
ech01_202207,ech01,202207,29245,28615.13,629.87,15770,28583,17.05927397,5,0.978462301,0.021537699,0.539237476,0.977363652,11910941552.48,11897567559.35,13373993.13,24400.00,54,594878377.97
ech02_202207,ech02,202207,26622,26031.5,590.5,19249,25289,15.67748824,5,0.977819097,0.022180903,0.723048606,0.94992863,9957848254.37,9673819200.00,284029054.37,24400.00,42,483690960.00
ech03_202207,ech03,202207,11414,10654.19,759.81,6070,10499,16.352986,5.004819066,0.93343175,0.06656825,0.531803049,0.91983529,4251158805.49,4189236000.00,61922805.49,24400.00,36,209461800.00
ech04_202207,ech04,202207,1030,1030,0,831,1030,14.5,5,1,0,0.806796117,1,364414000.00,364414000.00,0.00,24400.00,3,18220700.00
ech05_202207,ech05,202207,14770,14643.4,126.6,8000,14334,17.54409097,5.003727086,0.991428571,0.008571429,0.541638456,0.970480704,6268485458.62,6136038800.00,132446658.62,24400.00,37,306801940.00
ech01_202206,ech01,202206,29245,28578.23,666.77,23510,28283,17.0979581,5,0.977200547,0.022799453,0.803898102,0.967105488,11922556851.24,11799389795.09,123167056.15,24400.00,115,589969489.75
ech02_202206,ech02,202206,26622,25949,673,17350,25289,15.67748824,5,0.974720156,0.025279844,0.651716625,0.94992863,9926289470.55,9673819200.00,252470270.55,24400.00,99,483690960.00
ech03_202206,ech03,202206,11414,10629.05,784.95,2286,10499,16.352986,5.004819066,0.931229192,0.068770808,0.200280357,0.91983529,4241127622.23,4189236000.00,51891622.23,24400.00,36,209461800.00
ech04_202206,ech04,202206,1030,1030,0,665,1030,14.5,5,1,0,0.645631068,1,364414000.00,364414000.00,0.00,24400.00,4,18220700.00
ech05_202206,ech05,202206,14770,14609.26,160.74,324,14334,17.54409097,5.003727086,0.989117129,0.010882871,0.021936357,0.970480704,6253870950.14,6136038800.00,117832150.14,24400.00,56,306801940.00
rtw_202308,rtw,202308,18212,18163.25,48.75,8959,17952,19.1521279,5.959224599,0.997323193,0.002676807,0.491928399,0.985723699,8487903243.24,8389183600.00,98719643.24,24400.00,88,419459180.00
ect_202308,ect,202308,34361,33908.53,452.47,19278,32639,26.04068752,6.475167744,0.986831873,0.013168127,0.561043043,0.949885044,21545234990.30,20738584800.00,806650190.30,24400.00,46,1036929240.00
rtw_202309,rtw,202309,18212,18129.52,82.48,10623,17952,19.1521279,5.959224599,0.995471118,0.004528882,0.583296727,0.985723699,8472140812.16,8389183600.00,82957212.16,24400.00,33,419459180.00
ect_202309,ect,202309,34361,33797.59,563.41,9165,32639,26.04068752,6.475167744,0.983603213,0.016396787,0.266726812,0.949885044,21474744515.78,20738584800.00,736159715.78,24400.00,35,1036929240.00
rtw_202208,rtw,202208,18212,18163.25,48.75,1587,17952,19.1521279,5.959224599,0.997323193,0.002676807,0.087140347,0.985723699,8487903243.24,8389183600.00,98719643.24,24400.00,77,419459180.00
ect_202208,ect,202208,34361,33908.53,452.47,16206,32639,26.04068752,6.475167744,0.986831873,0.013168127,0.471639359,0.949885044,21545234990.30,20738584800.00,806650190.30,24400.00,93,1036929240.00
rtw_202209,rtw,202209,18212,18129.52,82.48,14602,17952,19.1521279,5.959224599,0.995471118,0.004528882,0.801779047,0.985723699,8472140812.16,8389183600.00,82957212.16,24400.00,18,419459180.00
ect_202209,ect,202209,34361,33797.59,563.41,23543,32639,26.04068752,6.475167744,0.983603213,0.016396787,0.685166322,0.949885044,21474744515.78,20738584800.00,736159715.78,24400.00,136,1036929240.00
rtw_202207,rtw,202207,18212,18163.25,48.75,12843,17952,19.1521279,5.959224599,0.997323193,0.002676807,0.705194377,0.985723699,8487903243.24,8389183600.00,98719643.24,24400.00,57,419459180.00
ect_202207,ect,202207,34361,33908.53,452.47,22272,32639,26.04068752,6.475167744,0.986831873,0.013168127,0.648176712,0.949885044,21545234990.30,20738584800.00,806650190.30,24400.00,131,1036929240.00
rtw_202206,rtw,202206,18212,18129.52,82.48,158,17952,19.1521279,5.959224599,0.995471118,0.004528882,0.008675599,0.985723699,8472140812.16,8389183600.00,82957212.16,24400.00,65,419459180.00
ect_202206,ect,202206,34361,33797.59,563.41,32319,32639,26.04068752,6.475167744,0.983603213,0.016396787,0.94057216,0.949885044,21474744515.78,20738584800.00,736159715.78,24400.00,103,1036929240.00
rtw_202306,rtw,202306,18212,18163.25,48.75,3389,17952,19.1521279,5.959224599,0.997323193,0.002676807,0.186086097,0.985723699,8487903243.24,8389183600.00,98719643.24,24400.00,84,419459180.00
ect_202306,ect,202306,34361,33908.53,452.47,7967,32639,26.04068752,6.475167744,0.986831873,0.013168127,0.231861704,0.949885044,21545234990.30,20738584800.00,806650190.30,24400.00,120,1036929240.00
rtw_202307,rtw,202307,18212,18129.52,82.48,10300,17952,19.1521279,5.959224599,0.995471118,0.004528882,0.565561168,0.985723699,8472140812.16,8389183600.00,82957212.16,24400.00,77,419459180.00
ect_202307,ect,202307,34361,33797.59,563.41,20458,32639,26.04068752,6.475167744,0.983603213,0.016396787,0.595384302,0.949885044,21474744515.78,20738584800.00,736159715.78,24400.00,62,1036929240.00
idc_202308,idc,202308,1626,1469.02,156.98,1092,1407,19.49128879,,0.903456335,0.096543665,0.671586716,0.865313653,698647470.55,669151537.12,29495933.43,24400.00,3,33457576.86
366nt_202308,366nt,202308,3297,3297,0,148,3297,12.50015165,,1,0,0.044889293,1,1005597200.00,1005597200.00,0.00,24400.00,8,50279860.00
6163bh_202308,6163bh,202308,2574,0,2574,0,0,0,,0,1,0,0,0.00,0.00,0.00,24400.00,0,0.00
180pasteur_202308,180pasteur,202308,1703,1703,0,547,1703,16.33529066,,1,0,0.321197886,1,678783600.00,678783600.00,0.00,24400.00,7,33939180.00
idc_202309,idc,202309,1626,1456.99,169.01,733,1190,19.59108241,,0.896057811,0.103942189,0.450799508,0.731857319,696473872.35,568846668.88,127627203.47,24400.00,2,28442333.44
366nt_202309,366nt,202309,3297,3297,0,1821,3297,12.50015165,,1,0,0.552320291,1,1005597200.00,1005597200.00,0.00,24400.00,14,50279860.00
6163bh_202309,6163bh,202309,2574,0,2574,0,0,0,,0,1,0,0,0.00,0.00,0.00,24400.00,0,0.00
180pasteur_202309,180pasteur,202309,1703,1703,0,1556,1703,16.33529066,,1,0,0.913681738,1,678783600.00,678783600.00,0.00,24400.00,3,33939180.00
idc_202208,idc,202208,1626,1469.02,156.98,711,1407,19.49128879,,0.903456335,0.096543665,0.437269373,0.865313653,698647470.55,669151537.12,29495933.43,24400.00,5,33457576.86
366nt_202208,366nt,202208,3297,3297,0,1914,3297,12.50015165,,1,0,0.580527753,1,1005597200.00,1005597200.00,0.00,24400.00,4,50279860.00
6163bh_202208,6163bh,202208,2574,0,2574,0,0,0,,0,1,0,0,0.00,0.00,0.00,24400.00,0,0.00
180pasteur_202208,180pasteur,202208,1703,1703,0,442,1703,16.33529066,,1,0,0.259541985,1,678783600.00,678783600.00,0.00,24400.00,3,33939180.00
idc_202209,idc,202209,1626,1456.99,169.01,405,1190,19.59108241,,0.896057811,0.103942189,0.249077491,0.731857319,696473872.35,568846668.88,127627203.47,24400.00,5,28442333.44
366nt_202209,366nt,202209,3297,3297,0,483,3297,12.50015165,,1,0,0.146496815,1,1005597200.00,1005597200.00,0.00,24400.00,13,50279860.00
6163bh_202209,6163bh,202209,2574,0,2574,0,0,0,,0,1,0,0,0.00,0.00,0.00,24400.00,0,0.00
180pasteur_202209,180pasteur,202209,1703,1703,0,553,1703,16.33529066,,1,0,0.32472108,1,678783600.00,678783600.00,0.00,24400.00,5,33939180.00
idc_202207,idc,202207,1626,1469.02,156.98,244,1407,19.49128879,,0.903456335,0.096543665,0.150061501,0.865313653,698647470.55,669151537.12,29495933.43,24400.00,5,33457576.86
366nt_202207,366nt,202207,3297,3297,0,449,3297,12.50015165,,1,0,0.13618441,1,1005597200.00,1005597200.00,0.00,24400.00,8,50279860.00
6163bh_202207,6163bh,202207,2574,0,2574,0,0,0,,0,1,0,0,0.00,0.00,0.00,24400.00,0,0.00
180pasteur_202207,180pasteur,202207,1703,1703,0,722,1703,16.33529066,,1,0,0.423957722,1,678783600.00,678783600.00,0.00,24400.00,7,33939180.00
idc_202206,idc,202206,1626,1456.99,169.01,708,1190,19.59108241,,0.896057811,0.103942189,0.435424354,0.731857319,696473872.35,568846668.88,127627203.47,24400.00,2,28442333.44
366nt_202206,366nt,202206,3297,3297,0,1123,3297,12.50015165,,1,0,0.340612678,1,1005597200.00,1005597200.00,0.00,24400.00,16,50279860.00
6163bh_202206,6163bh,202206,2574,0,2574,0,0,0,,0,1,0,0,0.00,0.00,0.00,24400.00,0,0.00
180pasteur_202206,180pasteur,202206,1703,1703,0,1361,1703,16.33529066,,1,0,0.799177921,1,678783600.00,678783600.00,0.00,24400.00,8,33939180.00
idc_202306,idc,202306,1626,1469.02,156.98,317,1407,19.49128879,,0.903456335,0.096543665,0.19495695,0.865313653,698647470.55,669151537.12,29495933.43,24400.00,6,33457576.86
366nt_202306,366nt,202306,3297,3297,0,150,3297,12.50015165,,1,0,0.045495905,1,1005597200.00,1005597200.00,0.00,24400.00,7,50279860.00
6163bh_202306,6163bh,202306,2574,0,2574,0,0,0,,0,1,0,0,0.00,0.00,0.00,24400.00,0,0.00
180pasteur_202306,180pasteur,202306,1703,1703,0,348,1703,16.33529066,,1,0,0.204345273,1,678783600.00,678783600.00,0.00,24400.00,3,33939180.00
idc_202307,idc,202307,1626,1456.99,169.01,310,1190,19.59108241,,0.896057811,0.103942189,0.190651907,0.731857319,696473872.35,568846668.88,127627203.47,24400.00,3,28442333.44
366nt_202307,366nt,202307,3297,3297,0,2181,3297,12.50015165,,1,0,0.661510464,1,1005597200.00,1005597200.00,0.00,24400.00,6,50279860.00
6163bh_202307,6163bh,202307,2574,0,2574,1480,1574,0,,0,1,0.574980575,0.611499611,0.00,0.00,0.00,24400.00,6,0.00
180pasteur_202307,180pasteur,202307,1703,1703,0,648,1203,16.33529066,,1,0,0.380504991,0.70640047,678783600.00,479493053.90,199290546.10,24400.00,2,23974652.70